#Pallet Image Recognition Parameters -- all distances are in mm

#log parameters
MaxLogSizeBytes=20000000
OldLogsToKeep=5

#udp communications parameters
ListenerPort=4558

#camera parameters
CameraResolution_x=352
CameraResolution_y=264
CameraFactor_x=503.6856472409
CameraFactor_y=501.8736983524
CameraPacketSizeBytes=185926
ImageDataOffsetBytes=68

#image recognition algorithm parameters
FloorDistanceFromCamera=5260
PalletHeightFromFloor=575
SearchForRadiusDeviation=0.8
ToFromPixelSearchAdjust=5
FlipImageHorizontally=false
HoughCirclePoints=360
TireSamplePoints=360
AcceptedSampleSuccessPercent=97
DistanceToCenterOfFrameFromPalletOriginMM_x=747
DistanceToCenterOfFrameFromPalletOriginMM_y=747

#error correction parameters
ErrorCorrectionAverageMissingDataEnabled=true
ErrorCorrectionBlockSize=6
ErrorCorrectionHeightAdjustmentEnabled=true
ErrorCorrectionHeightAdjustment_m=0.9572809
ErrorCorrectionHeightAdjustment_b=96.91466

#Skew correction coefficients
#equation: y = Ax^2 + Bx + C
#should be entered as: A,B,C on lines below
ErrorCorrectionSkewAdjustmentEnabled=true
ErrorCorrectionQuadrant1xCoefficients=-0.000266742837069,1.178558719053270,0.000000000001705
ErrorCorrectionQuadrant1yCoefficients=0.000000614333146,0.996706222967433,0.000000000001478
ErrorCorrectionQuadrant2xCoefficients=-0.000026223094908,0.974903400590472,-0.000000000000145
ErrorCorrectionQuadrant2yCoefficients=-0.000019224536932,1.009143189764690,-0.000000000000682
ErrorCorrectionQuadrant3xCoefficients=-0.000201822189713,0.887889362174079,-0.000000000000192
ErrorCorrectionQuadrant3yCoefficients=0.000084820171412,1.042879374894060,0.000000000000178
ErrorCorrectionQuadrant4xCoefficients=-0.000147108788688,1.138298382851670,0.000000000000455
ErrorCorrectionQuadrant4yCoefficients=0.000070303657775,1.046031544981170,-0.000000000000085